3283.0 2.1549e-05
3284.0 3.1127e-05
3285.0 7.9015e-05
3286.0 4.3099e-05
3287.0 2.3944e-05
3288.0 3.1127e-05
3289.0 3.5916e-05
3290.0 2.1549e-05
3291.0 5.0282e-05
3292.0 3.1127e-05
3293.0 3.831e-05
3294.0 3.831e-05
3295.0 4.7888e-05
3296.0 4.3099e-05
3297.0 3.5916e-05
3298.0 2.8733e-05
3299.0 3.5916e-05
3300.0 5.2676e-05
3301.0 3.5916e-05
3302.0 4.7888e-05
3303.0 3.831e-05
3304.0 3.3521e-05
3305.0 4.3099e-05
3306.0 4.3099e-05
3307.0 1.4366e-05
3308.0 4.0705e-05
3309.0 4.3099e-05
3310.0 4.7888e-05
3311.0 4.5493e-05
3312.0 3.5916e-05
3313.0 5.5071e-05
3314.0 5.7465e-05
3315.0 5.0282e-05
3316.0 4.5493e-05
3317.0 3.5916e-05
3318.0 4.5493e-05
3319.0 3.5916e-05
3320.0 2.8733e-05
3321.0 3.831e-05
3322.0 3.3521e-05
3323.0 3.831e-05
3324.0 4.7888e-05
3325.0 4.7888e-05
3326.0 4.0705e-05
3327.0 5.0282e-05
3328.0 3.1127e-05
3329.0 5.5071e-05
3330.0 3.831e-05
3331.0 3.5916e-05
3332.0 4.0705e-05
3333.0 5.5071e-05
3334.0 4.0705e-05
3335.0 3.5916e-05
3336.0 4.0705e-05
3337.0 6.7043e-05
3338.0 5.5071e-05
3339.0 6.7043e-05
3340.0 4.3099e-05
3341.0 6.2254e-05
3342.0 5.7465e-05
3343.0 6.4648e-05
3344.0 5.5071e-05
3345.0 6.9437e-05
3346.0 4.5493e-05
3347.0 4.7888e-05
3348.0 4.0705e-05
3349.0 6.9437e-05
3350.0 6.7043e-05
3351.0 4.5493e-05
3352.0 4.7888e-05
3353.0 5.5071e-05
3354.0 6.2254e-05
3355.0 3.3521e-05
3356.0 4.7888e-05
3357.0 6.4648e-05
3358.0 6.9437e-05
3359.0 5.2676e-05
3360.0 6.2254e-05
3361.0 5.986e-05
3362.0 6.9437e-05
3363.0 5.986e-05
3364.0 6.2254e-05
3365.0 6.4648e-05
3366.0 3.5916e-05
3367.0 3.831e-05
3368.0 7.1831e-05
3369.0 6.7043e-05
3370.0 6.7043e-05
3371.0 5.986e-05
3372.0 6.9437e-05
3373.0 6.4648e-05
3374.0 6.4648e-05
3375.0 5.0282e-05
3376.0 5.2676e-05
3377.0 6.2254e-05
3378.0 6.2254e-05
3379.0 8.1409e-05
3380.0 6.7043e-05
3381.0 4.0705e-05
3382.0 8.3803e-05
3383.0 5.5071e-05
3384.0 7.1831e-05
3385.0 8.8592e-05
3386.0 9.3381e-05
3387.0 5.986e-05
3388.0 6.4648e-05
3389.0 6.7043e-05
3390.0 7.662e-05
3391.0 7.662e-05
3392.0 5.986e-05
3393.0 8.1409e-05
3394.0 7.4226e-05
3395.0 6.7043e-05
3396.0 5.986e-05
3397.0 5.2676e-05
3398.0 7.662e-05
3399.0 8.6198e-05
3400.0 9.0987e-05
3401.0 6.2254e-05
3402.0 6.7043e-05
3403.0 6.4648e-05
3404.0 6.7043e-05
3405.0 7.1831e-05
3406.0 8.3803e-05
3407.0 6.9437e-05
3408.0 5.5071e-05
3409.0 9.3381e-05
3410.0 7.9015e-05
3411.0 0.000100564
3412.0 6.9437e-05
3413.0 8.8592e-05
3414.0 8.6198e-05
3415.0 9.817e-05
3416.0 8.8592e-05
3417.0 7.9015e-05
3418.0 5.2676e-05
3419.0 8.3803e-05
3420.0 7.9015e-05
3421.0 8.3803e-05
3422.0 8.3803e-05
3423.0 8.3803e-05
3424.0 7.1831e-05
3425.0 6.4648e-05
3426.0 7.1831e-05
3427.0 0.000102958
3428.0 8.8592e-05
3429.0 7.4226e-05
3430.0 0.000126902
3431.0 9.5775e-05
3432.0 7.9015e-05
3433.0 8.3803e-05
3434.0 9.0987e-05
3435.0 0.00013648
3436.0 7.662e-05
3437.0 7.4226e-05
3438.0 0.000117325
3439.0 0.000102958
3440.0 0.000110142
3441.0 0.000100564
3442.0 0.000112536
3443.0 8.8592e-05
3444.0 0.000112536
3445.0 0.000105353
3446.0 9.5775e-05
3447.0 8.6198e-05
3448.0 9.5775e-05
3449.0 0.000117325
3450.0 0.000110142
3451.0 7.662e-05
3452.0 9.0987e-05
3453.0 9.3381e-05
3454.0 7.1831e-05
3455.0 0.000131691
3456.0 0.000122114
3457.0 8.8592e-05
3458.0 8.8592e-05
3459.0 9.3381e-05
3460.0 0.00013648
3461.0 0.000110142
3462.0 9.817e-05
3463.0 8.6198e-05
3464.0 0.000105353
3465.0 0.00011493
3466.0 0.000112536
3467.0 0.00011493
3468.0 0.000134085
3469.0 9.0987e-05
3470.0 0.000122114
3471.0 9.0987e-05
3472.0 9.3381e-05
3473.0 0.000110142
3474.0 0.000112536
3475.0 0.000141269
3476.0 0.000138874
3477.0 0.000131691
3478.0 0.000126902
3479.0 8.8592e-05
3480.0 0.000141269
3481.0 0.000124508
3482.0 0.000110142
3483.0 0.000119719
3484.0 0.000124508
3485.0 0.000124508
3486.0 0.000146057
3487.0 0.000148452
3488.0 0.000141269
3489.0 0.000129297
3490.0 0.000141269
3491.0 0.000122114
3492.0 0.000148452
3493.0 0.000150846
3494.0 0.000126902
3495.0 0.00011493
3496.0 0.000138874
3497.0 0.000102958
3498.0 0.000155635
3499.0 0.000143663
3500.0 0.000122114
3501.0 0.000143663
3502.0 0.000117325
3503.0 0.00011493
3504.0 0.000160424
3505.0 0.000160424
3506.0 0.000162818
3507.0 0.000162818
3508.0 0.000167607
3509.0 0.000100564
3510.0 0.000165212
3511.0 0.000110142
3512.0 0.00017479
3513.0 0.000155635
3514.0 0.000141269
3515.0 0.000160424
3516.0 0.000122114
3517.0 0.000134085
3518.0 0.000191551
3519.0 0.000138874
3520.0 0.000160424
3521.0 0.000138874
3522.0 0.000143663
3523.0 0.000160424
3524.0 0.000165212
3525.0 0.000167607
3526.0 0.000167607
3527.0 0.00017479
3528.0 0.000189156
3529.0 0.000189156
3530.0 0.000119719
3531.0 0.00017479
3532.0 0.00015324
3533.0 0.00015324
3534.0 0.000165212
3535.0 0.000155635
3536.0 0.000177184
3537.0 0.000184367
3538.0 0.000181973
3539.0 0.000162818
3540.0 0.000179579
3541.0 0.000148452
3542.0 0.000191551
3543.0 0.000179579
3544.0 0.00015324
3545.0 0.000181973
3546.0 0.000160424
3547.0 0.000179579
3548.0 0.000208311
3549.0 0.000193945
3550.0 0.000189156
3551.0 0.000170001
3552.0 0.00017479
3553.0 0.000205917
3554.0 0.000181973
3555.0 0.000167607
3556.0 0.000181973
3557.0 0.000215494
3558.0 0.000165212
3559.0 0.000205917
3560.0 0.000170001
3561.0 0.000172396
3562.0 0.000225072
3563.0 0.000186762
3564.0 0.000179579
3565.0 0.000189156
3566.0 0.000186762
3567.0 0.000165212
3568.0 0.000210706
3569.0 0.000160424
3570.0 0.000215494
3571.0 0.00017479
3572.0 0.000198734
3573.0 0.000198734
3574.0 0.000162818
3575.0 0.000193945
3576.0 0.000189156
3577.0 0.000208311
3578.0 0.000227466
3579.0 0.000181973
3580.0 0.000205917
3581.0 0.000201128
3582.0 0.000227466
3583.0 0.000172396
3584.0 0.000193945
3585.0 0.000256199
3586.0 0.0002131
3587.0 0.000210706
3588.0 0.000170001
3589.0 0.000234649
3590.0 0.00017479
3591.0 0.000246621
3592.0 0.000196339
3593.0 0.000225072
3594.0 0.0002131
3595.0 0.000220283
3596.0 0.000201128
3597.0 0.000241833
3598.0 0.0002131
3599.0 0.000189156
3600.0 0.000229861
3601.0 0.000232255
3602.0 0.000229861
3603.0 0.000229861
3604.0 0.0002131
3605.0 0.000205917
3606.0 0.000227466
3607.0 0.000186762
3608.0 0.000277748
3609.0 0.000256199
3610.0 0.000222678
3611.0 0.000191551
3612.0 0.000258593
3613.0 0.000234649
3614.0 0.000253805
3615.0 0.000225072
3616.0 0.000256199
3617.0 0.000239438
3618.0 0.000208311
3619.0 0.000222678
3620.0 0.000265776
3621.0 0.000239438
3622.0 0.000268171
3623.0 0.000244227
3624.0 0.000280143
3625.0 0.000205917
3626.0 0.000215494
3627.0 0.000270565
3628.0 0.000229861
3629.0 0.000241833
3630.0 0.000205917
3631.0 0.000241833
3632.0 0.000246621
3633.0 0.000215494
3634.0 0.000268171
3635.0 0.000237044
3636.0 0.000256199
3637.0 0.000263382
3638.0 0.000316058
3639.0 0.000256199
3640.0 0.000246621
3641.0 0.000308875
3642.0 0.00027296
3643.0 0.000275354
3644.0 0.000256199
3645.0 0.000263382
3646.0 0.000277748
3647.0 0.000287326
3648.0 0.000287326
3649.0 0.000313664
3650.0 0.000306481
3651.0 0.000268171
3652.0 0.000284932
3653.0 0.000277748
3654.0 0.00028972
3655.0 0.000258593
3656.0 0.000292115
3657.0 0.000304087
3658.0 0.000256199
3659.0 0.000299298
3660.0 0.000258593
3661.0 0.000275354
3662.0 0.000308875
3663.0 0.000296903
3664.0 0.000253805
3665.0 0.000249016
3666.0 0.000294509
3667.0 0.000299298
3668.0 0.000268171
3669.0 0.000294509
3670.0 0.000320847
3671.0 0.000280143
3672.0 0.000284932
3673.0 0.000277748
3674.0 0.000337608
3675.0 0.000268171
3676.0 0.000337608
3677.0 0.000306481
3678.0 0.000340002
3679.0 0.000318453
3680.0 0.000275354
3681.0 0.000320847
3682.0 0.000313664
3683.0 0.00032803
3684.0 0.000342397
3685.0 0.000318453
3686.0 0.00034958
3687.0 0.000306481
3688.0 0.000287326
3689.0 0.000320847
3690.0 0.000318453
3691.0 0.000363946
3692.0 0.000318453
3693.0 0.000361552
3694.0 0.000316058
3695.0 0.000335214
3696.0 0.000356763
3697.0 0.000337608
3698.0 0.000363946
3699.0 0.000340002
3700.0 0.000337608
3701.0 0.00034958
3702.0 0.000371129
3703.0 0.00032803
3704.0 0.00031127
3705.0 0.000366341
3706.0 0.000335214
3707.0 0.000320847
3708.0 0.000385496
3709.0 0.000292115
3710.0 0.000330425
3711.0 0.000304087
3712.0 0.000340002
3713.0 0.000368735
3714.0 0.000375918
3715.0 0.000337608
3716.0 0.000335214
3717.0 0.000325636
3718.0 0.00031127
3719.0 0.00032803
3720.0 0.000366341
3721.0 0.000351974
3722.0 0.000383101
3723.0 0.000351974
3724.0 0.000363946
3725.0 0.000378312
3726.0 0.000419017
3727.0 0.000318453
3728.0 0.00032803
3729.0 0.000363946
3730.0 0.000378312
3731.0 0.000361552
3732.0 0.000378312
3733.0 0.000390284
3734.0 0.000368735
3735.0 0.000378312
3736.0 0.000395073
3737.0 0.000440566
3738.0 0.000316058
3739.0 0.000368735
3740.0 0.000395073
3741.0 0.000385496
3742.0 0.000395073
3743.0 0.000385496
3744.0 0.000433383
3745.0 0.000395073
3746.0 0.000454933
3747.0 0.000409439
3748.0 0.000423806
3749.0 0.000411834
3750.0 0.000414228
3751.0 0.000366341
3752.0 0.000419017
3753.0 0.000440566
3754.0 0.000459721
3755.0 0.000373524
3756.0 0.0004262
3757.0 0.000440566
3758.0 0.000416623
3759.0 0.000335214
3760.0 0.000433383
3761.0 0.000409439
3762.0 0.00044775
3763.0 0.00044775
3764.0 0.000440566
3765.0 0.000414228
3766.0 0.000445355
3767.0 0.000409439
3768.0 0.000433383
3769.0 0.000390284
3770.0 0.000469299
3771.0 0.000445355
3772.0 0.000450144
3773.0 0.000419017
3774.0 0.000404651
3775.0 0.000454933
3776.0 0.000450144
3777.0 0.000421411
3778.0 0.000469299
3779.0 0.000462116
3780.0 0.00046451
3781.0 0.0004262
3782.0 0.000462116
3783.0 0.000457327
3784.0 0.00048606
3785.0 0.000471693
3786.0 0.000462116
3787.0 0.000469299
3788.0 0.000488454
3789.0 0.000462116
3790.0 0.000493243
3791.0 0.000478876
3792.0 0.000507609
3793.0 0.0004262
3794.0 0.000471693
3795.0 0.000462116
3796.0 0.00046451
3797.0 0.00048606
3798.0 0.00044775
3799.0 0.000474088
3800.0 0.00054113
3801.0 0.000471693
3802.0 0.000500426
3803.0 0.000459721
3804.0 0.000483665
3805.0 0.000481271
3806.0 0.000428594
3807.0 0.000462116
3808.0 0.00054113
3809.0 0.000507609
3810.0 0.000483665
3811.0 0.000507609
3812.0 0.000442961
3813.0 0.000526764
3814.0 0.000498032
3815.0 0.000421411
3816.0 0.000517187
3817.0 0.000517187
3818.0 0.000493243
3819.0 0.00054113
3820.0 0.000517187
3821.0 0.000490848
3822.0 0.000581835
3823.0 0.000488454
3824.0 0.000495637
3825.0 0.000505215
3826.0 0.000498032
3827.0 0.000521975
3828.0 0.000519581
3829.0 0.000517187
3830.0 0.000500426
3831.0 0.000550708
3832.0 0.000526764
3833.0 0.000510003
3834.0 0.000545919
3835.0 0.000533947
3836.0 0.000507609
3837.0 0.000519581
3838.0 0.000490848
3839.0 0.000483665
3840.0 0.000531553
3841.0 0.000560285
3842.0 0.000474088
3843.0 0.000512398
3844.0 0.000567469
3845.0 0.000538736
3846.0 0.000550708
3847.0 0.000553102
3848.0 0.000536342
3849.0 0.000574652
3850.0 0.00052437
3851.0 0.00048606
3852.0 0.000598596
3853.0 0.000581835
3854.0 0.000565074
3855.0 0.000591412
3856.0 0.000591412
3857.0 0.000586624
3858.0 0.000622539
3859.0 0.000538736
3860.0 0.000567469
3861.0 0.000596201
3862.0 0.000574652
3863.0 0.000577046
3864.0 0.000648878
3865.0 0.000632117
3866.0 0.000593807
3867.0 0.000612962
3868.0 0.000632117
3869.0 0.000581835
3870.0 0.000624934
3871.0 0.000641694
3872.0 0.000622539
3873.0 0.00056268
3874.0 0.000560285
3875.0 0.000550708
3876.0 0.00066085
3877.0 0.000584229
3878.0 0.000584229
3879.0 0.00060099
3880.0 0.000603384
3881.0 0.000641694
3882.0 0.000622539
3883.0 0.000605779
3884.0 0.000615356
3885.0 0.000581835
3886.0 0.000596201
3887.0 0.000624934
3888.0 0.000605779
3889.0 0.000653666
3890.0 0.000646483
3891.0 0.000617751
3892.0 0.000691977
3893.0 0.000591412
3894.0 0.00066085
3895.0 0.000684793
3896.0 0.000529159
3897.0 0.000579441
3898.0 0.000636906
3899.0 0.00069916
3900.0 0.000603384
3901.0 0.0006393
3902.0 0.000596201
3903.0 0.000665638
3904.0 0.000670427
3905.0 0.000620145
3906.0 0.000629723
3907.0 0.000636906
3908.0 0.000624934
3909.0 0.000668033
3910.0 0.000641694
3911.0 0.000641694
3912.0 0.000684793
3913.0 0.000665638
3914.0 0.000701554
3915.0 0.000644089
3916.0 0.00069916
3917.0 0.000703948
3918.0 0.000658455
3919.0 0.000730287
3920.0 0.000756625
3921.0 0.000711132
3922.0 0.000672821
3923.0 0.000680005
3924.0 0.000656061
3925.0 0.00066085
3926.0 0.000622539
3927.0 0.000701554
3928.0 0.000668033
3929.0 0.000713526
3930.0 0.000691977
3931.0 0.000629723
3932.0 0.000553102
3933.0 0.000624934
3934.0 0.000763808
3935.0 0.000703948
3936.0 0.000735075
3937.0 0.000675216
3938.0 0.000708737
3939.0 0.000672821
3940.0 0.000744653
3941.0 0.000723103
3942.0 0.000701554
3943.0 0.000782963
3944.0 0.000735075
3945.0 0.000787752
3946.0 0.000687188
3947.0 0.000701554
3948.0 0.000787752
3949.0 0.000713526
3950.0 0.000720709
3951.0 0.00067761
3952.0 0.000744653
3953.0 0.000749442
3954.0 0.000672821
3955.0 0.000672821
3956.0 0.00071592
3957.0 0.00077578
3958.0 0.000675216
3959.0 0.000756625
3960.0 0.000778174
3961.0 0.00075423
3962.0 0.000703948
3963.0 0.000770991
3964.0 0.000689582
3965.0 0.000809301
3966.0 0.000773386
3967.0 0.000727892
3968.0 0.000773386
3969.0 0.000653666
3970.0 0.000766202
3971.0 0.000747047
3972.0 0.000703948
3973.0 0.000759019
3974.0 0.000689582
3975.0 0.000768597
3976.0 0.000761414
3977.0 0.00077578
3978.0 0.000847611
3979.0 0.000768597
3980.0 0.000809301
3981.0 0.000811696
3982.0 0.000799724
3983.0 0.000883527
3984.0 0.000797329
3985.0 0.000761414
3986.0 0.000816484
3987.0 0.000830851
3988.0 0.000806907
3989.0 0.000723103
3990.0 0.00073747
3991.0 0.000804512
3992.0 0.000804512
3993.0 0.000854795
3994.0 0.000835639
3995.0 0.000727892
3996.0 0.000735075
3997.0 0.000797329
3998.0 0.000725498
3999.0 0.000847611
4000.0 0.000780569
4001.0 0.000780569
4002.0 0.000859583
4003.0 0.000845217
4004.0 0.000835639
4005.0 0.000799724
4006.0 0.000830851
4007.0 0.000830851
4008.0 0.000840428
4009.0 0.000780569
4010.0 0.000866766
4011.0 0.000811696
4012.0 0.000847611
4013.0 0.000744653
4014.0 0.000727892
4015.0 0.000838034
4016.0 0.000739864
4017.0 0.0008524
4018.0 0.000900288
4019.0 0.00087395
4020.0 0.000859583
4021.0 0.000761414
4022.0 0.000861978
4023.0 0.000751836
4024.0 0.000871555
4025.0 0.00087395
4026.0 0.000900288
4027.0 0.000761414
4028.0 0.000766202
4029.0 0.000881133
4030.0 0.000840428
4031.0 0.000921837
4032.0 0.000811696
4033.0 0.000761414
4034.0 0.000818879
4035.0 0.000840428
4036.0 0.000773386
4037.0 0.000893105
4038.0 0.000847611
4039.0 0.000809301
4040.0 0.000952964
4041.0 0.000919443
4042.0 0.000905077
4043.0 0.000861978
4044.0 0.000811696
4045.0 0.000806907
4046.0 0.000804512
4047.0 0.000931415
4048.0 0.000854795
4049.0 0.000866766
4050.0 0.000931415
4051.0 0.000792541
4052.0 0.000838034
4053.0 0.000866766
4054.0 0.000878738
4055.0 0.000790146
4056.0 0.000900288
4057.0 0.000857189
4058.0 0.000969725
4059.0 0.000821273
4060.0 0.000924232
4061.0 0.000816484
4062.0 0.000861978
4063.0 0.000883527
4064.0 0.000952964
4065.0 0.000897893
4066.0 0.001010429
4067.0 0.00089071
4068.0 0.000888316
4069.0 0.000917048
4070.0 0.000871555
4071.0 0.00095057
4072.0 0.000948175
4073.0 0.000905077
4074.0 0.000895499
4075.0 0.000876344
4076.0 0.000905077
4077.0 0.000857189
4078.0 0.00092902
4079.0 0.000945781
4080.0 0.00091226
4081.0 0.000905077
4082.0 0.000945781
4083.0 0.000957753
4084.0 0.000854795
4085.0 0.00092902
4086.0 0.00095057
4087.0 0.000969725
4088.0 0.000979302
4089.0 0.000881133
4090.0 0.000948175
4091.0 0.00087395
4092.0 0.000847611
4093.0 0.000948175
4094.0 0.000931415
4095.0 0.000866766
4096.0 0.000952964
4097.0 0.000878738
4098.0 0.000885921
4099.0 0.00089071
4100.0 0.000883527
4101.0 0.000859583
4102.0 0.000969725
4103.0 0.000924232
4104.0 0.00089071
4105.0 0.000847611
4106.0 0.000957753
4107.0 0.000897893
4108.0 0.000850006
4109.0 0.000943387
4110.0 0.000938598
4111.0 0.000943387
4112.0 0.000926626
4113.0 0.00096733
4114.0 0.00098888
4115.0 0.000823668
4116.0 0.000991274
4117.0 0.000964936
4118.0 0.000981697
4119.0 0.000940992
4120.0 0.00098888
4121.0 0.000943387
4122.0 0.000864372
4123.0 0.000857189
4124.0 0.000962542
4125.0 0.000979302
4126.0 0.000979302
4127.0 0.000976908
4128.0 0.000931415
4129.0 0.000993669
4130.0 0.00091226
4131.0 0.000919443
4132.0 0.000993669
4133.0 0.000945781
4134.0 0.000861978
4135.0 0.001012824
4136.0 0.000984091
4137.0 0.000924232
4138.0 0.001015218
4139.0 0.000952964
4140.0 0.000964936
4141.0 0.001000852
4142.0 0.000897893
4143.0 0.000979302
4144.0 0.000993669
4145.0 0.000974514
4146.0 0.00095057
4147.0 0.000984091
4148.0 0.001063106
4149.0 0.001003246
4150.0 0.001015218
4151.0 0.000938598
4152.0 0.001079866
4153.0 0.001029584
4154.0 0.00096733
4155.0 0.00096733
4156.0 0.001031979
4157.0 0.000976908
4158.0 0.001041556
4159.0 0.000974514
4160.0 0.000938598
4161.0 0.001079866
4162.0 0.00098888
4163.0 0.000996063
4164.0 0.000986486
4165.0 0.000964936
4166.0 0.000981697
4167.0 0.001077472
4168.0 0.000936204
4169.0 0.000991274
4170.0 0.000945781
4171.0 0.001010429
4172.0 0.001041556
4173.0 0.001003246
4174.0 0.001010429
4175.0 0.001031979
4176.0 0.000933809
4177.0 0.001015218
4178.0 0.001024796
4179.0 0.001010429
4180.0 0.001106205
4181.0 0.001005641
4182.0 0.001043951
4183.0 0.000976908
4184.0 0.001041556
4185.0 0.001051134
4186.0 0.001031979
4187.0 0.001060711
4188.0 0.00092902
4189.0 0.000993669
4190.0 0.000998457
4191.0 0.000996063
4192.0 0.000938598
4193.0 0.001063106
4194.0 0.001029584
4195.0 0.001005641
4196.0 0.001060711
4197.0 0.001051134
4198.0 0.001031979
4199.0 0.001101416
4200.0 0.001029584
4201.0 0.001020007
4202.0 0.001063106
4203.0 0.001046345
4204.0 0.001046345
4205.0 0.001036768
4206.0 0.001122965
4207.0 0.001089444
4208.0 0.001003246
4209.0 0.000981697
4210.0 0.00112536
4211.0 0.001003246
4212.0 0.000917048
4213.0 0.000917048
4214.0 0.000993669
4215.0 0.00096733
4216.0 0.001067895
4217.0 0.00095057
4218.0 0.001039162
4219.0 0.00098888
4220.0 0.000996063
4221.0 0.001055923
4222.0 0.00110381
4223.0 0.001015218
4224.0 0.001039162
4225.0 0.001020007
4226.0 0.0010655
4227.0 0.000993669
4228.0 0.001048739
4229.0 0.000993669
4230.0 0.001036768
4231.0 0.001048739
4232.0 0.001106205
4233.0 0.001115782
4234.0 0.001022401
4235.0 0.001156487
4236.0 0.000993669
4237.0 0.001055923
4238.0 0.000984091
4239.0 0.001008035
4240.0 0.001015218
4241.0 0.00102719
4242.0 0.000991274
4243.0 0.0010655
4244.0 0.000996063
4245.0 0.001039162
4246.0 0.001082261
4247.0 0.000998457
4248.0 0.001166064
4249.0 0.000998457
4250.0 0.001012824
4251.0 0.000991274
4252.0 0.00102719
4253.0 0.00102719
4254.0 0.000996063
4255.0 0.00102719
4256.0 0.001067895
4257.0 0.00108705
4258.0 0.001034373
4259.0 0.001072683
4260.0 0.001022401
4261.0 0.000991274
4262.0 0.000998457
4263.0 0.000972119
4264.0 0.001024796
4265.0 0.001008035
4266.0 0.00091226
4267.0 0.001089444
4268.0 0.001094233
4269.0 0.001015218
4270.0 0.001077472
4271.0 0.001003246
4272.0 0.001046345
4273.0 0.000960147
4274.0 0.00112536
4275.0 0.001072683
4276.0 0.001043951
4277.0 0.001048739
4278.0 0.001106205
4279.0 0.001036768
4279.0 0.001036768
4280.0 0.000969725
4281.0 0.001110993
4282.0 0.001070289
4283.0 0.001034373
4284.0 0.001024796
4285.0 0.001060711
4286.0 0.001194797
4287.0 0.001053528
4288.0 0.001132543
4289.0 0.001043951
4290.0 0.001046345
4291.0 0.001130148
4292.0 0.001020007
4293.0 0.001084655
4294.0 0.001075078
4295.0 0.000969725
4296.0 0.00095057
4297.0 0.001106205
4298.0 0.000998457
4299.0 0.001156487
4300.0 0.000993669
4301.0 0.001053528
4302.0 0.001115782
4303.0 0.001110993
4304.0 0.001082261
4305.0 0.000998457
4306.0 0.001048739
4307.0 0.001082261
4308.0 0.0010655
4309.0 0.001089444
4310.0 0.000933809
4311.0 0.001099022
4312.0 0.001048739
4313.0 0.001091838
4314.0 0.0010655
4315.0 0.001003246
4316.0 0.001010429
4317.0 0.001106205
4318.0 0.001096627
4319.0 0.000981697
4320.0 0.001072683
4321.0 0.001008035
4322.0 0.001017613
4323.0 0.0010655
4324.0 0.001036768
4325.0 0.001077472
4326.0 0.000952964
4327.0 0.001063106
4328.0 0.000991274
4329.0 0.001008035
4330.0 0.001005641
4331.0 0.001089444
4332.0 0.001053528
4333.0 0.001000852
4334.0 0.001089444
4335.0 0.00098888
4336.0 0.00098888
4337.0 0.000964936
4338.0 0.000979302
4339.0 0.00110381
4340.0 0.00102719
4341.0 0.00102719
4342.0 0.001077472
4343.0 0.001012824
4344.0 0.001012824
4345.0 0.000960147
4346.0 0.001003246
4347.0 0.001017613
4348.0 0.001115782
4349.0 0.001022401
4350.0 0.001003246
4351.0 0.000931415
4352.0 0.000933809
4353.0 0.00098888
4354.0 0.001005641
4355.0 0.001060711
4356.0 0.001022401
4357.0 0.00102719
4358.0 0.001029584
4359.0 0.0010655
4360.0 0.001118177
4361.0 0.001034373
4362.0 0.001067895
4363.0 0.001082261
4364.0 0.001015218
4365.0 0.001020007
4366.0 0.001137332
4367.0 0.001020007
4368.0 0.00108705
4369.0 0.000931415
4370.0 0.000986486
4371.0 0.000991274
4372.0 0.001094233
4373.0 0.001055923
4374.0 0.001041556
4375.0 0.00096733
4376.0 0.000986486
4377.0 0.001036768
4378.0 0.000991274
4379.0 0.000996063
4380.0 0.000998457
4381.0 0.001024796
4382.0 0.001058317
4383.0 0.000993669
4384.0 0.00110381
4385.0 0.001091838
4386.0 0.001003246
4387.0 0.001005641
4388.0 0.00102719
4389.0 0.001101416
4390.0 0.00102719
4391.0 0.001060711
4392.0 0.001101416
4393.0 0.000945781
4394.0 0.001024796
4395.0 0.000996063
4396.0 0.001120571
4397.0 0.00098888
4398.0 0.001039162
4399.0 0.001089444
4400.0 0.00098888
4401.0 0.001000852
4402.0 0.00087395
4403.0 0.001012824
4404.0 0.001012824
4405.0 0.000952964
4406.0 0.001010429
4407.0 0.001017613
4408.0 0.001034373
4409.0 0.001048739
4410.0 0.001034373
4411.0 0.000926626
4412.0 0.001031979
4413.0 0.000917048
4414.0 0.000993669
4415.0 0.000984091
4416.0 0.00089071
4417.0 0.000979302
4418.0 0.00096733
4419.0 0.000955359
4420.0 0.000998457
4421.0 0.001043951
4422.0 0.000976908
4423.0 0.001003246
4424.0 0.000993669
4425.0 0.001024796
4426.0 0.001003246
4427.0 0.000938598
4428.0 0.000909865
4429.0 0.001043951
4430.0 0.001000852
4431.0 0.000945781
4432.0 0.000981697
4433.0 0.001005641
4434.0 0.001000852
4435.0 0.000905077
4436.0 0.000895499
4437.0 0.000979302
4438.0 0.000926626
4439.0 0.000979302
4440.0 0.001003246
4441.0 0.000943387
4442.0 0.001015218
4443.0 0.000888316
4444.0 0.000998457
4445.0 0.001041556
4446.0 0.000871555
4447.0 0.000981697
4448.0 0.000991274
4449.0 0.000955359
4450.0 0.000857189
4451.0 0.000869161
4452.0 0.000981697
4453.0 0.000998457
4454.0 0.000893105
4455.0 0.00098888
4456.0 0.000948175
4457.0 0.000952964
4458.0 0.000905077
4459.0 0.000962542
4460.0 0.000964936
4461.0 0.000981697
4462.0 0.000907471
4463.0 0.00087395
4464.0 0.00092902
4465.0 0.00098888
4466.0 0.000933809
4467.0 0.000881133
4468.0 0.000907471
4469.0 0.000883527
4470.0 0.000943387
4471.0 0.000878738
4472.0 0.000931415
4473.0 0.000900288
4474.0 0.000806907
4475.0 0.000991274
4476.0 0.000876344
4477.0 0.000845217
4478.0 0.000969725
4479.0 0.000924232
4480.0 0.001008035
4481.0 0.000952964
4482.0 0.000917048
4483.0 0.00089071
4484.0 0.000895499
4485.0 0.000854795
4486.0 0.000866766
4487.0 0.000914654
4488.0 0.000945781
4489.0 0.000917048
4490.0 0.001031979
4491.0 0.000842823
4492.0 0.000845217
4493.0 0.000893105
4494.0 0.000869161
4495.0 0.000952964
4496.0 0.001000852
4497.0 0.000902682
4498.0 0.000835639
4499.0 0.000895499
4500.0 0.000809301
4501.0 0.00091226
4502.0 0.000871555
4503.0 0.000845217
4504.0 0.001017613
4505.0 0.000952964
4506.0 0.000931415
4507.0 0.000823668
4508.0 0.000842823
4509.0 0.000869161
4510.0 0.000914654
4511.0 0.000893105
4512.0 0.000859583
4513.0 0.000821273
4514.0 0.000782963
4515.0 0.000869161
4516.0 0.000895499
4517.0 0.000854795
4518.0 0.000773386
4519.0 0.00077578
4520.0 0.000847611
4521.0 0.000847611
4522.0 0.000842823
4523.0 0.000830851
4524.0 0.000859583
4525.0 0.00089071
4526.0 0.000952964
4527.0 0.000840428
4528.0 0.000907471
4529.0 0.000730287
4530.0 0.000751836
4531.0 0.000933809
4532.0 0.000828456
4533.0 0.000787752
4534.0 0.000893105
4535.0 0.000847611
4536.0 0.000861978
4537.0 0.000828456
4538.0 0.000759019
4539.0 0.000840428
4540.0 0.000809301
4541.0 0.000842823
4542.0 0.000888316
4543.0 0.000854795
4544.0 0.000747047
4545.0 0.000826062
4546.0 0.000823668
4547.0 0.000845217
4548.0 0.00081409
4549.0 0.00075423
4550.0 0.000768597
4551.0 0.000787752
4552.0 0.000806907
4553.0 0.000864372
4554.0 0.000787752
4555.0 0.000845217
4556.0 0.000727892
4557.0 0.000811696
4558.0 0.000756625
4559.0 0.00075423
4560.0 0.000804512
4561.0 0.000792541
4562.0 0.000751836
4563.0 0.00081409
4564.0 0.000780569
4565.0 0.000778174
4566.0 0.000778174
4567.0 0.000809301
4568.0 0.000735075
4569.0 0.000869161
4570.0 0.000787752
4571.0 0.000718315
4572.0 0.000799724
4573.0 0.000778174
4574.0 0.000759019
4575.0 0.000816484
4576.0 0.000759019
4577.0 0.000735075
4578.0 0.000773386
4579.0 0.000802118
4580.0 0.000725498
4581.0 0.000756625
4582.0 0.000782963
4583.0 0.000747047
4584.0 0.000778174
4585.0 0.000797329
4586.0 0.000701554
4587.0 0.000773386
4588.0 0.000703948
4589.0 0.000744653
4590.0 0.000744653
4591.0 0.000723103
4592.0 0.000725498
4593.0 0.000782963
4594.0 0.00077578
4595.0 0.000799724
4596.0 0.000708737
4597.0 0.000766202
4598.0 0.000835639
4599.0 0.000794935
4600.0 0.000658455
4601.0 0.000694371
4602.0 0.000718315
4603.0 0.00066085
4604.0 0.00071592
4605.0 0.000751836
4606.0 0.000720709
4607.0 0.000761414
4608.0 0.00071592
4609.0 0.00075423
4610.0 0.000804512
4611.0 0.000646483
4612.0 0.00071592
4613.0 0.000675216
4614.0 0.000742259
4615.0 0.000668033
4616.0 0.000735075
4617.0 0.000732681
4618.0 0.000730287
4619.0 0.000730287
4620.0 0.000672821
4621.0 0.000720709
4622.0 0.000711132
4623.0 0.000708737
4624.0 0.000670427
4625.0 0.00071592
4626.0 0.000739864
4627.0 0.000644089
4628.0 0.000742259
4629.0 0.000718315
4630.0 0.000739864
4631.0 0.000689582
4632.0 0.00071592
4633.0 0.000687188
4634.0 0.000644089
4635.0 0.000670427
4636.0 0.000682399
4637.0 0.000727892
4638.0 0.000636906
4639.0 0.000718315
4640.0 0.000641694
4641.0 0.000703948
4642.0 0.000641694
4643.0 0.000651272
4644.0 0.00060099
4645.0 0.000648878
4646.0 0.000608173
4647.0 0.000723103
4648.0 0.000694371
4649.0 0.000732681
4650.0 0.00066085
4651.0 0.000608173
4652.0 0.000708737
4653.0 0.0006393
4654.0 0.000632117
4655.0 0.000634511
4656.0 0.000620145
4657.0 0.000691977
4658.0 0.000672821
4659.0 0.000586624
4660.0 0.000694371
4661.0 0.000581835
4662.0 0.000644089
4663.0 0.000627328
4664.0 0.000557891
4665.0 0.000689582
4666.0 0.000663244
4667.0 0.000641694
4668.0 0.00066085
4669.0 0.000703948
4670.0 0.000593807
4671.0 0.00060099
4672.0 0.000622539
4673.0 0.00056268
4674.0 0.000713526
4675.0 0.000622539
4676.0 0.000581835
4677.0 0.000636906
4678.0 0.000668033
4679.0 0.000627328
4680.0 0.00066085
4681.0 0.000629723
4682.0 0.000612962
4683.0 0.000612962
4684.0 0.000672821
4685.0 0.000596201
4686.0 0.000557891
4687.0 0.000620145
4688.0 0.000574652
4689.0 0.000567469
4690.0 0.000577046
4691.0 0.000603384
4692.0 0.000572257
4693.0 0.000593807
4694.0 0.000605779
4695.0 0.000658455
4696.0 0.000567469
4697.0 0.000548314
4698.0 0.000565074
4699.0 0.000610568
4700.0 0.000589018
4701.0 0.000517187
4702.0 0.000543525
4703.0 0.000603384
4704.0 0.000538736
4705.0 0.000629723
4706.0 0.000598596
4707.0 0.000574652
4708.0 0.000555497
4709.0 0.000517187
4710.0 0.000555497
4711.0 0.000536342
4712.0 0.000550708
4713.0 0.000459721
4714.0 0.000569863
4715.0 0.000553102
4716.0 0.000560285
4717.0 0.000555497
4718.0 0.000550708
4719.0 0.000555497
4720.0 0.000438172
4721.0 0.000589018
4722.0 0.000565074
4723.0 0.000550708
4724.0 0.000543525
4725.0 0.000514792
4726.0 0.000512398
4727.0 0.000519581
4728.0 0.000512398
4729.0 0.000536342
4730.0 0.000555497
4731.0 0.000481271
4732.0 0.000543525
4733.0 0.000612962
4734.0 0.000591412
4735.0 0.000591412
4736.0 0.000495637
4737.0 0.000531553
4738.0 0.000529159
4739.0 0.000577046
4740.0 0.000550708
4741.0 0.000560285
4742.0 0.000560285
4743.0 0.000569863
4744.0 0.000545919
4745.0 0.000423806
4746.0 0.000529159
4747.0 0.000500426
4748.0 0.000471693
4749.0 0.00050282
4750.0 0.000445355
4751.0 0.000438172
4752.0 0.000507609
4753.0 0.000538736
4754.0 0.000498032
4755.0 0.000450144
4756.0 0.000428594
4757.0 0.000514792
4758.0 0.000495637
4759.0 0.000459721
4760.0 0.000483665
4761.0 0.000519581
4762.0 0.000471693
4763.0 0.000423806
4764.0 0.00044775
4765.0 0.000521975
4766.0 0.000402256
4767.0 0.000517187
4768.0 0.000423806
4769.0 0.00052437
4770.0 0.000498032
4771.0 0.000483665
4772.0 0.000476482
4773.0 0.000454933
4774.0 0.000490848
4775.0 0.00048606
4776.0 0.000359157
4777.0 0.000421411
4778.0 0.000462116
4779.0 0.000423806
4780.0 0.00052437
4781.0 0.0004262
4782.0 0.000476482
4783.0 0.000421411
4784.0 0.000442961
4785.0 0.000493243
4786.0 0.000395073
4787.0 0.00048606
4788.0 0.000419017
4789.0 0.000462116
4790.0 0.000495637
4791.0 0.000510003
4792.0 0.00046451
4793.0 0.000462116
4794.0 0.000383101
4795.0 0.000471693
4796.0 0.000411834
4797.0 0.000411834
4798.0 0.00038789
4799.0 0.000395073
4800.0 0.000359157
4801.0 0.000380707
4802.0 0.00034958
4803.0 0.000399862
4804.0 0.000385496
4805.0 0.000421411
4806.0 0.000390284
4807.0 0.000373524
4808.0 0.000452538
4809.0 0.000366341
4810.0 0.000414228
4811.0 0.000435778
4812.0 0.000397467
4813.0 0.000419017
4814.0 0.00038789
4815.0 0.000419017
4816.0 0.000430989
4817.0 0.000383101
4818.0 0.000402256
4819.0 0.000399862
4820.0 0.000383101
4821.0 0.000407045
4822.0 0.000428594
4823.0 0.000416623
4824.0 0.000356763
4825.0 0.000380707
4826.0 0.000354369
4827.0 0.000397467
4828.0 0.000380707
4829.0 0.000419017
4830.0 0.000373524
4831.0 0.000366341
4832.0 0.000359157
4833.0 0.00034958
4834.0 0.000459721
4835.0 0.000368735
4836.0 0.000368735
4837.0 0.0004262
4838.0 0.000356763
4839.0 0.0004262
4840.0 0.000375918
4841.0 0.000316058
4842.0 0.000340002
4843.0 0.000423806
4844.0 0.000366341
4845.0 0.000342397
4846.0 0.000375918
4847.0 0.00032803
4848.0 0.000337608
4849.0 0.000354369
4850.0 0.00034958
4851.0 0.000371129
4852.0 0.000375918
4853.0 0.000363946
4854.0 0.000335214
4855.0 0.000340002
4856.0 0.000375918
4857.0 0.000361552
4858.0 0.000308875
4859.0 0.000332819
4860.0 0.000268171
4861.0 0.000287326
4862.0 0.000318453
4863.0 0.000299298
4864.0 0.000299298
4865.0 0.000342397
4866.0 0.000342397
4867.0 0.000380707
4868.0 0.000354369
4869.0 0.000340002
4870.0 0.000347185
4871.0 0.000316058
4872.0 0.000313664
4873.0 0.000287326
4874.0 0.000323242
4875.0 0.000306481
4876.0 0.000337608
4877.0 0.000301692
4878.0 0.000313664
4879.0 0.000306481
4880.0 0.000282537
4881.0 0.00028972
4882.0 0.000313664
4883.0 0.000306481
4884.0 0.000304087
4885.0 0.000292115
4886.0 0.000304087
4887.0 0.000299298
4888.0 0.000308875
4889.0 0.000270565
4890.0 0.000368735
4891.0 0.000287326
4892.0 0.000342397
4893.0 0.000301692
4894.0 0.000284932
4895.0 0.000299298
4896.0 0.000325636
4897.0 0.000332819
4898.0 0.000318453
4899.0 0.000292115
4900.0 0.000258593
4901.0 0.000335214
4902.0 0.000308875
4903.0 0.000277748
4904.0 0.00031127
4905.0 0.000308875
4906.0 0.000320847
4907.0 0.00025141
4908.0 0.000306481
4909.0 0.000265776
4910.0 0.000268171
4911.0 0.000282537
4912.0 0.00032803
4913.0 0.000229861
4914.0 0.000296903
4915.0 0.00028972
4916.0 0.000258593
4917.0 0.000282537
4918.0 0.000239438
4919.0 0.000229861
4920.0 0.000284932
4921.0 0.000241833
4922.0 0.00027296
4923.0 0.000229861
4924.0 0.000249016
4925.0 0.000282537
4926.0 0.000225072
4927.0 0.000244227
4928.0 0.000220283
4929.0 0.000284932
4930.0 0.000294509
4931.0 0.000263382
4932.0 0.000232255
4933.0 0.000287326
4934.0 0.000268171
4935.0 0.000284932
4936.0 0.000268171
4937.0 0.000193945
4938.0 0.000268171
4939.0 0.000222678
4940.0 0.000203523
4941.0 0.000220283
4942.0 0.000234649
4943.0 0.000241833
4944.0 0.000253805
4945.0 0.000253805
4946.0 0.0002131
4947.0 0.000225072
4948.0 0.000241833
4949.0 0.000177184
4950.0 0.000227466
4951.0 0.000227466
4952.0 0.000215494
4953.0 0.000229861
4954.0 0.000232255
4955.0 0.000198734
4956.0 0.000220283
4957.0 0.000227466
4958.0 0.000239438
4959.0 0.000184367
4960.0 0.000229861
4961.0 0.000229861
4962.0 0.000203523
4963.0 0.000244227
4964.0 0.000222678
4965.0 0.000246621
4966.0 0.000158029
4967.0 0.000186762
4968.0 0.000184367
4969.0 0.000222678
4970.0 0.000189156
4971.0 0.000215494
4972.0 0.000201128
4973.0 0.000217889
4974.0 0.000191551
4975.0 0.000208311
4976.0 0.000239438
4977.0 0.000227466
4978.0 0.000201128
4979.0 0.000234649
4980.0 0.000184367
4981.0 0.000189156
4982.0 0.000172396
4983.0 0.000181973
4984.0 0.000220283
4985.0 0.000225072
4986.0 0.000196339
4987.0 0.000186762
4988.0 0.000225072
4989.0 0.000225072
4990.0 0.000186762
4991.0 0.000172396
4992.0 0.000239438
4993.0 0.000162818
4994.0 0.000208311
4995.0 0.000198734
4996.0 0.000227466
4997.0 0.000217889
4998.0 0.000150846
4999.0 0.000177184
5000.0 0.00017479
5001.0 0.000191551
5002.0 0.000203523
5003.0 0.000162818
5004.0 0.000179579
5005.0 0.00017479
5006.0 0.00017479
5007.0 0.000186762
5008.0 0.000172396
5009.0 0.000181973
5010.0 0.000201128
5011.0 0.000158029
5012.0 0.00017479
5013.0 0.000208311
5014.0 0.000122114
5015.0 0.000158029
5016.0 0.000196339
5017.0 0.000143663
5018.0 0.00013648
5019.0 0.000155635
5020.0 0.000141269
5021.0 0.000172396
5022.0 0.000210706
5023.0 0.000165212
5024.0 0.000158029
5025.0 0.000162818
5026.0 0.00015324
5027.0 0.000155635
5028.0 0.000158029
5029.0 0.000167607
5030.0 0.000165212
5031.0 0.000165212
5032.0 0.000155635
5033.0 0.000167607
5034.0 0.000146057
5035.0 0.000155635
5036.0 0.000160424
5037.0 0.000146057
5038.0 0.000170001
5039.0 0.000186762
5040.0 0.000141269
5041.0 0.000181973
5042.0 0.000155635
5043.0 0.000146057
5044.0 0.000158029
5045.0 0.000138874
5046.0 0.000122114
5047.0 0.000119719
5048.0 0.000160424
5049.0 0.000143663
5050.0 0.000150846
5051.0 0.00015324
5052.0 0.000158029
5053.0 0.000122114
5054.0 0.000158029
5055.0 0.000148452
5056.0 0.000124508
5057.0 0.000119719
5058.0 0.000126902
5059.0 0.000150846
5060.0 0.000170001
5061.0 0.000124508
5062.0 0.000122114
5063.0 0.000131691
5064.0 0.000155635
5065.0 0.000129297
5066.0 0.000158029
5067.0 0.000148452
5068.0 0.000117325
5069.0 0.000143663
5070.0 0.00015324
5071.0 0.00013648
5072.0 0.00011493
5073.0 0.000105353
5074.0 0.000143663
5075.0 0.000141269
5076.0 9.817e-05
5077.0 9.5775e-05
5078.0 0.000117325
5079.0 0.000138874
5080.0 0.00015324
5081.0 0.000110142
5082.0 0.000100564
5083.0 0.000126902
5084.0 0.00013648
5085.0 0.000117325
5086.0 0.000158029
5087.0 0.000134085
5088.0 0.000117325
5089.0 7.4226e-05
5090.0 0.000131691
5091.0 0.000141269
5092.0 0.000126902
5093.0 9.817e-05
5094.0 0.000122114
5095.0 0.000112536
5096.0 0.000107747
5097.0 0.000102958
5098.0 0.000107747
5099.0 0.000105353
5100.0 0.000112536
5101.0 9.3381e-05
5102.0 0.000110142
5103.0 0.000112536
5104.0 0.000102958
5105.0 9.817e-05
5106.0 0.000102958
5107.0 0.000117325
5108.0 0.000112536
5109.0 0.000110142
5110.0 8.1409e-05
5111.0 0.000107747
5112.0 9.3381e-05
5113.0 9.0987e-05
5114.0 9.5775e-05
5115.0 9.3381e-05
5116.0 0.00011493
5117.0 8.8592e-05
5118.0 8.3803e-05
5119.0 8.1409e-05
5120.0 8.8592e-05
5121.0 7.662e-05
5122.0 0.000110142
5123.0 0.000105353
5124.0 9.817e-05
5125.0 0.00011493
5126.0 8.1409e-05
5127.0 8.6198e-05
5128.0 9.0987e-05
5129.0 8.8592e-05
5130.0 7.4226e-05
5131.0 7.662e-05
5132.0 9.0987e-05
5133.0 7.9015e-05
5134.0 0.000112536
5135.0 7.1831e-05
5136.0 6.2254e-05
5137.0 9.5775e-05
5138.0 8.8592e-05
5139.0 8.1409e-05
5140.0 0.000110142
5141.0 6.9437e-05
5142.0 5.986e-05
5143.0 7.9015e-05
5144.0 6.7043e-05
5145.0 9.3381e-05
5146.0 9.0987e-05
5147.0 0.000112536
5148.0 7.662e-05
5149.0 6.9437e-05
5150.0 9.3381e-05
5151.0 9.817e-05
5152.0 8.3803e-05
5153.0 7.4226e-05
5154.0 9.5775e-05
5155.0 8.6198e-05
5156.0 0.000100564
5157.0 7.1831e-05
5158.0 7.9015e-05
5159.0 9.0987e-05
5160.0 9.0987e-05
5161.0 7.9015e-05
5162.0 8.1409e-05
5163.0 5.5071e-05
5164.0 6.7043e-05
5165.0 9.0987e-05
5166.0 8.8592e-05
5167.0 7.1831e-05
5168.0 7.4226e-05
5169.0 4.7888e-05
5170.0 6.9437e-05
5171.0 7.4226e-05
5172.0 8.1409e-05
5173.0 6.4648e-05
5174.0 6.4648e-05
5175.0 5.2676e-05
5176.0 6.4648e-05
5177.0 5.7465e-05
5178.0 7.662e-05
5179.0 6.4648e-05
5180.0 6.4648e-05
5181.0 6.7043e-05
5182.0 4.3099e-05
5183.0 6.4648e-05
5184.0 6.7043e-05
5185.0 6.7043e-05
5186.0 5.2676e-05
5187.0 7.4226e-05
5188.0 7.4226e-05
5189.0 6.4648e-05
5190.0 5.986e-05
5191.0 4.5493e-05
5192.0 6.9437e-05
5193.0 6.2254e-05
5194.0 7.9015e-05
5195.0 6.9437e-05
5196.0 6.7043e-05
5197.0 5.986e-05
5198.0 5.7465e-05
5199.0 6.2254e-05
5200.0 5.5071e-05
5201.0 5.986e-05
5202.0 6.9437e-05
5203.0 5.986e-05
5204.0 7.4226e-05
5205.0 5.986e-05
5206.0 5.2676e-05
5207.0 3.5916e-05
5208.0 4.7888e-05
5209.0 8.1409e-05
5210.0 7.1831e-05
5211.0 5.2676e-05
5212.0 6.4648e-05
5213.0 5.0282e-05
5214.0 5.2676e-05
5215.0 5.986e-05
5216.0 7.1831e-05
5217.0 5.0282e-05
5218.0 4.5493e-05
5219.0 5.2676e-05
5220.0 4.5493e-05
5221.0 5.0282e-05
5222.0 4.5493e-05
5223.0 7.1831e-05
5224.0 6.2254e-05
5225.0 5.7465e-05
5226.0 5.986e-05
5227.0 5.986e-05
5228.0 5.2676e-05
5229.0 5.2676e-05
5230.0 2.6338e-05
5231.0 5.2676e-05
5232.0 4.0705e-05
5233.0 5.7465e-05
5234.0 5.7465e-05
5235.0 4.7888e-05
5236.0 5.0282e-05
5237.0 5.0282e-05
5238.0 5.2676e-05
5239.0 4.0705e-05
5240.0 5.5071e-05
5241.0 4.5493e-05
5242.0 3.831e-05
5243.0 3.831e-05
5244.0 5.7465e-05
5245.0 4.7888e-05
5246.0 3.3521e-05
5247.0 5.2676e-05
5248.0 5.7465e-05
5249.0 5.0282e-05
5250.0 3.3521e-05
5251.0 3.5916e-05
5252.0 2.3944e-05
5253.0 4.7888e-05
5254.0 4.0705e-05
5255.0 4.7888e-05
5256.0 4.0705e-05
5257.0 4.7888e-05
5258.0 3.5916e-05
5259.0 3.831e-05
5260.0 5.5071e-05
5261.0 3.5916e-05
5262.0 4.0705e-05
5263.0 5.2676e-05
5264.0 3.831e-05
5265.0 5.2676e-05
5266.0 4.3099e-05
5267.0 3.831e-05
5268.0 3.831e-05
5269.0 3.3521e-05
5270.0 4.0705e-05
5271.0 5.5071e-05
5272.0 3.3521e-05
5273.0 4.0705e-05
